30 156
0 1
0 3
0 7
0 8
0 11
0 13
0 18
0 20
0 25
0 26
0 28
1 4
1 12
1 24
2 3
2 5
2 11
2 14
2 15
2 18
2 19
2 22
2 23
2 25
2 27
3 7
3 10
3 11
3 15
3 17
3 22
3 23
3 27
3 29
4 9
4 11
4 16
4 21
4 27
4 28
5 7
5 10
5 14
5 17
5 18
5 20
5 25
5 29
6 9
6 11
6 12
6 13
6 14
6 15
6 18
6 19
6 22
6 27
6 28
6 29
7 9
7 10
7 11
7 17
7 18
7 19
7 20
7 25
8 11
8 12
8 13
8 15
8 16
8 17
8 20
8 28
9 11
9 12
9 13
9 17
9 22
9 28
10 12
10 13
10 16
10 18
10 19
10 24
10 27
11 12
11 16
11 18
11 19
11 22
11 23
11 25
11 28
11 29
12 13
12 18
12 19
12 20
12 23
12 24
12 27
12 29
13 16
13 17
13 18
13 19
13 25
13 29
14 15
14 18
14 21
14 28
14 29
15 20
15 21
15 23
15 24
15 25
15 26
15 28
16 18
16 19
16 20
16 22
16 23
16 26
16 29
17 25
17 26
17 28
17 29
18 22
18 23
18 24
18 25
18 27
19 20
19 21
20 21
20 23
20 26
21 27
22 24
22 25
22 27
23 24
23 25
23 29
24 25
24 28
25 29
28 29
