30 164
0 1
0 2
0 3
0 5
0 7
0 9
0 11
0 13
0 19
0 20
0 25
1 3
1 5
1 10
1 14
1 16
1 20
1 21
1 25
1 28
2 7
2 9
2 13
2 14
2 21
3 7
3 9
3 11
3 20
3 21
3 23
4 6
4 10
4 11
4 12
4 13
4 14
4 15
4 19
4 20
4 24
4 28
5 7
5 9
5 10
5 13
5 15
5 17
5 18
5 20
5 21
5 22
5 25
5 26
5 27
5 29
6 7
6 11
6 17
6 18
6 20
6 23
6 25
6 26
7 8
7 9
7 11
7 12
7 13
7 14
7 15
7 17
7 22
7 23
7 24
7 25
7 27
8 9
8 10
8 11
8 12
8 15
8 19
8 20
8 27
8 28
9 11
9 13
9 14
9 16
9 18
9 22
9 23
9 27
9 28
10 14
10 16
10 17
10 20
10 21
10 22
10 25
11 15
11 17
11 20
11 22
11 23
11 25
11 27
11 29
12 13
12 16
12 20
12 21
13 15
13 16
13 18
13 19
13 25
13 29
14 17
14 18
14 20
14 21
14 23
15 17
15 20
15 21
15 22
15 23
15 24
15 27
15 28
15 29
16 18
16 20
16 21
16 24
16 27
17 18
17 20
17 26
17 27
17 28
18 23
18 27
19 20
19 26
19 27
19 29
20 21
20 24
20 25
20 28
21 26
22 24
22 25
22 27
22 28
23 27
23 29
24 27
24 28
26 28
