30 153
0 2
0 3
0 5
0 6
0 12
0 13
0 14
0 15
0 18
0 23
0 24
0 28
1 2
1 3
1 5
1 9
1 14
1 15
1 27
1 28
2 4
2 7
2 8
2 12
2 14
2 15
2 21
2 22
2 24
2 27
2 28
2 29
3 4
3 5
3 6
3 9
3 10
3 15
3 18
3 19
3 23
3 24
3 25
3 26
4 6
4 8
4 13
4 15
4 22
4 25
4 26
4 29
5 6
5 7
5 8
5 13
5 15
5 16
5 18
5 20
5 21
5 25
5 29
6 12
6 13
6 14
6 16
6 23
6 25
6 27
6 29
7 11
7 15
7 17
7 18
7 22
7 23
7 24
7 25
7 26
7 28
8 15
8 18
8 23
8 29
9 16
9 22
9 24
10 12
10 16
10 18
10 20
10 23
10 24
10 27
10 29
11 13
11 16
11 19
11 20
11 21
11 22
11 24
11 25
12 14
12 18
12 21
12 25
12 26
13 16
13 17
13 23
13 24
13 25
13 26
14 22
14 27
14 29
15 18
15 19
15 20
15 26
15 27
16 18
16 26
17 19
17 21
17 23
17 27
18 19
18 20
18 22
18 25
18 27
18 28
19 21
19 25
19 26
19 29
20 22
20 23
20 27
21 26
21 29
22 26
22 27
23 27
24 25
24 27
24 28
25 28
25 29
27 29
