30 156
0 1
0 3
0 5
0 6
0 12
0 14
0 15
0 20
0 23
0 28
1 3
1 4
1 5
1 6
1 7
1 8
1 11
1 15
1 16
1 18
1 19
1 21
1 22
1 23
1 28
1 29
2 3
2 4
2 5
2 6
2 8
2 9
2 15
2 18
2 20
2 21
2 22
2 25
2 28
3 4
3 7
3 9
3 11
3 12
3 13
3 15
3 17
3 19
3 22
3 23
3 24
3 27
3 28
4 8
4 9
4 14
4 23
4 29
5 8
5 9
5 20
5 28
5 29
6 8
6 10
6 11
6 13
6 16
6 17
6 19
6 22
6 25
6 27
6 29
7 8
7 9
7 19
7 21
7 24
7 25
7 28
8 15
8 18
8 20
8 23
9 13
9 14
9 15
9 16
9 18
9 20
9 22
9 23
9 28
10 12
10 13
10 16
10 22
10 23
10 24
10 26
10 27
10 28
11 16
11 18
11 19
11 21
11 22
11 25
12 13
12 14
12 16
12 18
12 19
12 24
12 25
12 26
12 29
13 15
13 17
13 18
13 23
13 26
13 28
14 17
14 21
14 22
14 23
14 27
14 28
15 19
15 21
15 24
16 21
16 22
16 23
16 27
16 28
17 18
17 25
17 29
18 21
18 24
18 25
19 22
21 25
21 26
21 28
22 27
22 28
22 29
23 24
23 27
25 28
26 29
27 28
