30 148
0 5
0 8
0 14
0 20
0 25
0 27
0 29
1 6
1 7
1 11
1 13
1 15
1 20
1 22
1 24
1 26
1 27
1 29
2 6
2 13
2 17
2 20
2 21
2 22
2 23
2 24
2 29
3 7
3 9
3 10
3 11
3 14
3 16
3 17
3 18
3 22
3 23
3 28
4 5
4 25
5 7
5 8
5 9
5 10
5 13
5 14
5 17
5 21
5 22
5 24
5 25
5 27
5 29
6 11
6 13
6 14
6 17
6 20
6 21
6 24
6 25
6 26
6 28
7 12
7 14
7 15
7 16
7 20
7 24
7 28
7 29
8 14
8 15
8 18
8 22
8 28
8 29
9 13
9 17
9 18
9 22
9 24
10 14
10 16
10 18
10 19
10 20
10 23
10 25
11 12
11 13
11 15
11 16
11 17
11 18
11 19
11 20
11 22
11 23
11 26
11 27
12 14
12 21
13 18
13 21
14 17
14 25
14 28
14 29
15 16
15 17
15 18
15 22
15 23
15 24
15 25
15 27
16 19
16 22
16 24
16 25
16 28
17 18
17 22
17 24
17 27
17 29
18 24
18 27
19 22
19 23
19 25
19 27
20 24
20 25
20 26
20 28
22 24
22 25
22 28
22 29
23 26
23 27
23 28
24 27
24 29
25 28
26 28
