40 270
0 1
0 2
0 3
0 5
0 7
0 8
0 14
0 16
0 18
0 19
0 20
0 21
0 22
0 24
0 30
0 33
0 36
0 37
0 38
0 39
1 3
1 9
1 10
1 11
1 12
1 13
1 18
1 19
1 21
1 26
1 27
1 29
1 30
1 32
1 34
1 35
1 38
1 39
2 7
2 9
2 12
2 16
2 18
2 20
2 22
2 31
2 32
2 35
2 37
3 4
3 5
3 9
3 14
3 15
3 16
3 17
3 21
3 24
3 26
3 29
3 33
3 36
3 37
4 5
4 10
4 13
4 21
4 25
4 30
4 31
4 32
4 33
4 35
5 10
5 11
5 12
5 15
5 16
5 23
5 24
5 26
5 29
5 30
5 31
5 34
5 35
5 36
5 38
6 8
6 12
6 13
6 14
6 18
6 19
6 20
6 22
6 24
6 26
6 27
6 29
7 10
7 11
7 12
7 13
7 14
7 15
7 19
7 20
7 26
7 28
7 29
7 31
7 37
7 38
8 10
8 11
8 14
8 15
8 16
8 18
8 21
8 24
8 28
8 39
9 11
9 13
9 17
9 24
9 26
9 27
9 32
9 37
9 38
10 16
10 18
10 19
10 20
10 22
10 26
10 27
10 30
10 33
10 35
10 38
11 12
11 15
11 19
11 22
11 23
11 28
11 31
11 34
12 24
12 29
12 30
12 31
12 34
12 38
13 21
13 24
13 26
13 28
13 30
13 31
14 15
14 18
14 19
14 20
14 23
14 31
14 34
14 38
15 18
15 19
15 29
15 30
15 34
15 36
15 37
15 39
16 21
16 23
16 25
16 26
16 27
16 31
16 34
16 37
16 39
17 21
17 23
17 26
17 28
17 30
17 32
17 33
18 24
18 25
18 26
18 27
18 28
18 29
18 30
18 31
18 35
18 39
19 22
19 26
19 38
19 39
20 21
20 32
20 37
20 38
21 31
21 34
21 36
22 28
22 34
23 28
23 33
23 36
23 37
23 38
23 39
24 29
24 30
24 31
24 34
24 36
24 37
24 39
25 27
25 30
25 31
25 33
25 34
25 35
25 39
26 28
26 29
26 31
26 34
26 36
26 37
27 30
27 33
27 35
27 36
28 30
28 31
28 32
28 35
29 31
29 33
29 35
29 39
30 32
30 33
30 37
30 39
31 38
31 39
32 34
33 36
34 36
34 39
35 36
35 39
37 38
