40 298
0 3
0 4
0 16
0 18
0 20
0 22
0 24
0 25
0 26
0 29
0 31
0 34
0 35
0 36
0 37
1 5
1 9
1 10
1 11
1 16
1 20
1 22
1 23
1 26
1 28
1 34
1 35
1 37
1 39
2 4
2 10
2 12
2 15
2 17
2 19
2 20
2 21
2 23
2 24
2 27
2 29
2 30
2 31
2 36
2 37
2 38
2 39
3 4
3 6
3 8
3 9
3 12
3 25
3 27
3 28
3 32
3 33
3 34
3 36
4 12
4 17
4 19
4 23
4 24
4 26
4 27
4 28
4 29
4 33
4 35
4 36
5 6
5 16
5 17
5 18
5 19
5 20
5 23
5 26
5 28
5 29
5 32
5 38
6 7
6 14
6 15
6 16
6 17
6 19
6 20
6 21
6 24
6 25
6 29
6 33
6 36
6 39
7 9
7 10
7 12
7 15
7 16
7 20
7 23
7 27
7 28
7 30
7 31
7 33
7 34
7 35
7 36
7 37
8 9
8 12
8 16
8 19
8 20
8 22
8 23
8 24
8 27
8 28
8 29
8 35
8 38
8 39
9 11
9 14
9 18
9 25
9 27
9 30
9 32
9 34
9 37
10 11
10 17
10 18
10 19
10 22
10 24
10 29
10 31
10 33
10 34
10 38
10 39
11 12
11 13
11 14
11 26
11 28
11 30
11 33
11 38
12 14
12 16
12 21
12 24
12 25
12 28
12 30
12 32
13 16
13 19
13 20
13 24
13 25
13 28
13 33
14 15
14 17
14 18
14 20
14 24
14 26
14 27
14 29
14 32
14 33
14 36
15 20
15 22
15 23
15 25
15 31
15 33
15 34
15 35
15 36
15 37
15 39
16 23
16 26
16 27
16 31
16 34
16 35
16 39
17 19
17 21
17 22
17 23
17 24
17 26
17 31
17 34
18 24
18 25
18 27
18 29
18 30
18 34
18 39
19 20
19 21
19 22
19 24
19 26
19 28
19 29
19 30
19 31
19 36
19 37
20 21
20 25
20 30
20 32
21 23
21 29
21 30
21 31
21 33
21 39
22 23
22 25
22 27
22 29
22 36
22 38
22 39
23 24
23 30
23 31
24 26
24 29
24 34
24 35
24 36
24 37
24 38
24 39
25 28
25 32
25 34
25 37
25 38
25 39
26 29
26 30
26 31
26 33
26 37
27 28
27 29
27 30
27 32
27 34
27 39
28 29
28 30
28 31
28 32
28 33
28 38
29 30
29 31
29 33
29 34
29 36
29 38
30 39
31 32
31 33
31 34
31 35
31 39
32 34
32 36
34 37
34 38
34 39
35 37
36 38
37 38
37 39
