40 263
0 2
0 3
0 10
0 11
0 14
0 19
0 21
0 22
0 23
0 24
0 29
0 30
0 32
0 35
0 36
0 39
1 3
1 7
1 13
1 14
1 16
1 17
1 22
1 23
1 24
1 26
1 27
1 28
1 31
1 36
2 11
2 13
2 14
2 16
2 19
2 20
2 21
2 22
2 23
2 24
2 26
2 29
2 31
2 35
2 36
2 37
3 10
3 15
3 17
3 19
3 26
3 27
3 29
3 35
3 38
4 6
4 8
4 10
4 12
4 15
4 16
4 18
4 20
4 22
4 28
4 29
4 35
4 37
4 39
5 12
5 14
5 15
5 16
5 17
5 20
5 21
5 22
5 23
5 27
5 30
5 32
5 33
5 35
6 7
6 9
6 11
6 12
6 19
6 28
6 33
6 34
7 11
7 12
7 14
7 19
7 22
7 23
7 24
7 25
7 34
7 38
7 39
8 9
8 10
8 15
8 16
8 17
8 21
8 23
8 32
8 35
8 37
9 14
9 15
9 20
9 28
9 34
9 35
9 36
10 12
10 16
10 21
10 23
10 25
10 27
10 34
11 12
11 13
11 16
11 18
11 19
11 22
11 24
11 26
11 28
11 29
11 33
11 34
11 37
11 38
12 14
12 17
12 23
12 26
12 31
12 36
13 15
13 16
13 17
13 23
13 25
13 28
13 30
13 31
13 32
13 33
13 35
13 37
13 38
14 16
14 17
14 20
14 23
14 25
14 30
14 32
14 35
14 37
15 16
15 21
15 22
15 23
15 29
15 30
16 17
16 28
16 29
16 34
16 39
17 18
17 20
17 23
17 26
17 29
17 34
17 35
17 36
17 38
18 19
18 20
18 22
18 24
18 29
18 37
19 29
19 32
19 34
19 37
20 23
20 24
20 27
20 29
20 30
20 35
20 38
21 25
21 26
21 32
21 37
21 38
21 39
22 25
22 26
22 28
22 32
22 34
23 24
23 28
23 30
23 38
23 39
24 26
24 27
24 36
25 27
25 29
25 30
25 32
25 33
25 34
25 35
25 39
26 29
26 31
26 34
26 38
27 33
27 36
27 37
28 30
28 31
28 35
29 31
29 35
29 38
29 39
30 31
30 36
31 33
31 34
31 39
32 37
32 38
33 35
33 38
34 35
34 37
34 39
35 36
35 37
35 39
36 38
36 39
