40 250
0 1
0 2
0 6
0 15
0 21
0 24
0 25
0 29
0 32
0 35
0 37
0 39
1 3
1 4
1 5
1 7
1 10
1 16
1 20
1 24
1 28
1 29
1 31
1 39
2 12
2 24
2 31
2 32
2 34
2 35
3 5
3 7
3 11
3 12
3 14
3 15
3 21
3 22
3 24
3 29
3 30
3 33
3 36
4 6
4 7
4 8
4 9
4 12
4 15
4 19
4 20
4 22
4 23
4 24
4 25
4 28
4 29
4 32
4 33
5 8
5 10
5 13
5 14
5 18
5 19
5 22
5 24
5 25
5 28
5 33
5 36
5 37
5 39
6 7
6 14
6 16
6 27
6 28
6 29
6 33
7 14
7 18
7 19
7 20
7 21
7 22
7 23
7 24
7 25
7 28
7 31
7 35
7 37
8 11
8 18
8 23
8 26
8 27
8 31
9 10
9 22
9 23
9 24
9 26
9 31
9 36
9 39
10 13
10 14
10 18
10 22
10 23
10 24
10 29
10 30
10 31
10 34
10 35
10 36
10 39
11 13
11 15
11 17
11 22
11 27
11 36
12 14
12 16
12 17
12 19
12 22
12 23
12 24
12 25
12 26
12 31
12 35
12 36
12 38
13 15
13 16
13 18
13 19
13 21
13 24
13 26
13 29
13 30
13 33
13 36
14 17
14 18
14 21
14 23
14 28
14 30
14 31
14 32
14 33
14 36
15 20
15 24
15 30
16 18
16 24
16 25
16 28
16 31
16 36
16 37
17 19
17 26
17 31
17 34
17 35
17 38
17 39
18 20
18 24
18 28
18 31
18 35
18 36
18 38
18 39
19 20
19 24
19 25
19 26
19 29
19 31
19 34
19 39
20 21
20 24
20 25
20 29
20 30
20 32
20 33
20 38
20 39
21 29
21 31
21 39
22 26
22 27
22 28
22 31
22 35
23 28
23 31
23 37
23 38
24 31
24 34
24 37
25 26
25 28
25 35
25 36
25 37
25 38
26 31
26 34
26 36
26 39
27 29
27 30
27 31
28 29
28 30
28 33
28 35
28 37
28 38
29 33
29 37
30 36
30 38
31 33
31 37
32 37
32 39
34 36
34 37
35 37
35 38
36 37
36 39
