40 239
0 1
0 3
0 6
0 9
0 10
0 11
0 13
0 16
0 21
0 23
0 32
0 38
0 39
1 2
1 4
1 5
1 9
1 10
1 11
1 12
1 13
1 19
1 20
1 21
1 24
1 26
1 27
1 29
1 30
1 32
1 33
1 34
1 36
1 37
1 38
2 4
2 12
2 16
2 17
2 18
2 19
2 25
2 27
2 29
2 36
3 14
3 19
3 20
3 24
3 27
3 33
3 34
3 35
3 38
4 5
4 9
4 11
4 14
4 24
4 31
4 32
4 33
5 7
5 11
5 14
5 18
5 19
5 20
5 21
5 27
5 29
5 33
5 36
6 11
6 14
6 16
6 21
6 30
6 34
6 35
6 37
6 39
7 9
7 12
7 18
7 28
7 30
7 33
7 35
7 36
8 11
8 15
8 20
8 31
8 33
8 34
8 37
8 38
8 39
9 12
9 16
9 18
9 19
9 20
9 26
9 28
9 33
10 12
10 16
10 18
10 25
10 28
10 30
10 31
10 34
10 35
11 17
11 23
11 26
11 29
11 35
12 20
12 26
12 34
13 21
13 22
13 23
13 30
13 31
13 34
13 37
13 39
14 15
14 16
14 27
14 29
14 30
14 33
15 16
15 17
15 21
15 23
15 26
15 30
15 32
15 34
16 17
16 18
16 21
16 22
16 23
16 25
16 37
16 38
17 21
17 25
17 26
17 27
17 30
17 34
18 19
18 20
18 23
18 28
18 29
18 30
18 34
18 36
18 37
19 20
19 24
19 25
19 28
19 31
19 32
20 23
20 24
20 28
20 30
20 34
20 35
21 22
21 23
21 24
21 31
21 34
21 35
22 30
22 31
22 33
22 38
23 25
23 34
23 37
23 39
24 25
24 32
25 27
25 29
25 31
25 32
25 33
25 35
25 38
26 27
26 28
26 29
26 32
26 33
26 36
26 37
27 29
27 30
27 32
27 34
27 38
28 31
28 33
28 35
29 30
29 36
29 37
29 38
30 34
30 37
30 39
31 34
31 35
31 37
31 38
32 37
33 38
33 39
34 35
34 39
35 37
35 39
36 39
37 39
