50 409
0 5
0 6
0 12
0 17
0 20
0 23
0 24
0 28
0 29
0 42
0 45
0 46
1 4
1 6
1 7
1 8
1 12
1 13
1 14
1 19
1 22
1 25
1 31
1 33
1 37
1 38
1 39
1 40
1 43
1 45
1 48
2 5
2 11
2 15
2 17
2 31
2 38
2 39
2 40
2 43
2 45
2 48
2 49
3 4
3 6
3 11
3 14
3 17
3 18
3 22
3 23
3 25
3 30
3 34
3 38
3 42
3 43
3 49
4 6
4 7
4 11
4 13
4 15
4 19
4 22
4 28
4 33
4 34
4 35
4 36
4 37
4 42
4 43
4 48
5 6
5 7
5 10
5 19
5 25
5 26
5 31
5 32
5 34
5 40
5 42
5 43
5 44
6 7
6 9
6 10
6 14
6 16
6 18
6 19
6 29
6 30
6 35
6 36
6 40
6 42
7 8
7 11
7 15
7 16
7 18
7 20
7 21
7 26
7 30
7 36
7 38
7 41
7 43
7 47
8 9
8 10
8 12
8 14
8 15
8 16
8 17
8 18
8 19
8 25
8 29
8 31
8 36
8 38
8 41
8 42
8 43
8 45
8 48
9 10
9 11
9 14
9 16
9 18
9 20
9 22
9 23
9 25
9 29
9 30
9 33
9 35
9 40
9 45
9 46
10 11
10 14
10 18
10 22
10 26
10 28
10 29
10 34
10 48
11 12
11 16
11 20
11 22
11 26
11 32
11 40
11 45
11 46
11 48
11 49
12 18
12 21
12 25
12 30
12 32
12 34
12 35
12 36
12 37
12 42
12 43
13 15
13 17
13 20
13 21
13 22
13 25
13 33
13 34
13 35
13 36
13 45
13 46
13 48
14 17
14 19
14 22
14 23
14 35
14 36
14 39
14 40
14 46
15 19
15 21
15 24
15 26
15 27
15 28
15 29
15 30
15 31
15 36
15 38
15 42
15 44
16 20
16 21
16 22
16 26
16 29
16 31
16 32
16 33
16 35
16 37
16 38
16 39
16 40
16 42
16 45
16 46
17 18
17 19
17 24
17 26
17 29
17 34
17 40
17 42
17 45
17 46
17 47
17 48
17 49
18 20
18 21
18 24
18 25
18 28
18 33
18 35
18 42
18 45
18 48
19 21
19 23
19 27
19 28
19 32
19 34
19 35
19 39
19 40
19 43
19 48
20 22
20 27
20 28
20 30
20 32
20 36
20 37
20 42
20 44
20 46
20 48
21 22
21 23
21 24
21 25
21 27
21 28
21 32
21 39
21 40
21 42
21 44
21 46
21 47
22 29
22 33
22 36
22 42
22 49
23 29
23 32
23 35
23 37
23 41
23 43
23 46
23 49
24 25
24 35
24 36
24 37
24 39
24 45
25 28
25 33
25 45
25 47
25 49
26 27
26 29
26 30
26 31
26 32
26 33
26 34
26 37
26 43
26 44
26 45
26 46
26 48
27 28
27 30
27 32
27 33
27 35
27 47
28 29
28 31
28 44
28 46
28 48
29 30
29 32
29 33
29 36
29 37
29 40
29 46
29 48
29 49
30 32
30 34
30 37
30 39
30 41
30 42
30 43
30 45
30 49
31 32
31 33
31 36
31 37
31 39
31 44
31 45
31 47
31 48
32 33
32 34
32 38
32 41
32 42
32 43
32 48
33 37
33 38
34 43
34 44
34 48
35 37
35 39
35 40
35 43
35 44
35 45
35 47
36 39
36 41
36 45
36 47
37 39
37 40
37 41
37 47
38 46
39 41
39 42
40 42
40 47
40 49
41 47
42 44
42 45
42 47
43 44
43 45
43 46
44 45
44 46
44 48
44 49
48 49
