50 444
0 6
0 7
0 8
0 9
0 10
0 13
0 18
0 23
0 24
0 27
0 28
0 29
0 33
0 38
0 45
0 47
0 49
1 2
1 3
1 5
1 7
1 8
1 9
1 13
1 15
1 17
1 18
1 20
1 21
1 23
1 24
1 27
1 29
1 31
1 32
1 33
1 35
1 44
1 46
2 6
2 13
2 14
2 17
2 20
2 21
2 24
2 25
2 30
2 35
2 43
2 44
2 46
3 5
3 12
3 17
3 18
3 19
3 21
3 23
3 24
3 28
3 30
3 34
3 38
3 39
3 43
3 45
3 48
4 11
4 12
4 13
4 15
4 31
4 35
4 36
4 37
4 38
4 39
4 42
5 8
5 12
5 17
5 23
5 28
5 29
5 31
5 32
5 34
5 36
5 40
5 41
5 46
5 47
5 48
5 49
6 7
6 8
6 11
6 16
6 19
6 25
6 29
6 30
6 33
6 34
6 35
6 44
6 45
6 46
6 47
7 8
7 13
7 15
7 20
7 28
7 31
7 33
7 35
7 38
7 40
7 45
7 47
8 9
8 10
8 14
8 17
8 18
8 28
8 30
8 32
8 34
8 35
8 38
8 44
8 45
8 48
9 13
9 14
9 15
9 16
9 18
9 23
9 27
9 29
9 32
9 33
9 34
9 37
9 46
9 48
10 11
10 18
10 21
10 27
10 30
10 32
10 37
10 38
10 41
10 43
10 44
10 45
10 49
11 13
11 14
11 18
11 21
11 25
11 27
11 31
11 35
11 38
11 47
11 48
11 49
12 15
12 22
12 23
12 26
12 27
12 32
12 34
12 38
12 40
12 44
12 45
12 46
12 48
12 49
13 18
13 21
13 22
13 23
13 26
13 30
13 31
13 32
13 43
13 44
13 46
13 47
14 15
14 16
14 17
14 20
14 21
14 25
14 27
14 30
14 31
14 32
14 35
14 38
14 40
14 41
14 44
14 47
14 48
15 17
15 23
15 24
15 31
15 33
15 34
15 35
15 38
15 40
15 41
15 47
16 17
16 18
16 20
16 23
16 29
16 30
16 40
16 43
16 45
16 47
17 18
17 22
17 23
17 24
17 26
17 27
17 28
17 29
17 30
17 34
17 38
17 41
17 43
17 44
17 48
18 23
18 25
18 29
18 32
18 33
18 36
18 37
18 40
18 42
18 45
18 46
19 20
19 22
19 25
19 28
19 30
19 34
19 35
19 36
19 41
19 44
19 45
19 46
19 47
19 48
19 49
20 24
20 25
20 26
20 27
20 29
20 34
20 36
20 37
20 39
20 43
20 45
20 48
20 49
21 22
21 23
21 24
21 25
21 26
21 28
21 29
21 34
21 37
21 42
21 45
21 46
21 48
22 23
22 32
22 34
22 35
22 39
22 42
22 46
22 48
23 25
23 29
23 30
23 31
23 39
23 40
23 41
24 30
24 32
24 33
24 34
24 38
24 40
24 41
24 42
24 47
24 48
25 27
25 28
25 30
25 31
25 39
25 45
26 29
26 33
26 35
26 45
26 46
26 47
27 40
27 41
27 44
27 45
27 47
27 48
27 49
28 29
28 30
28 33
28 36
28 37
28 39
28 42
28 43
28 46
28 48
29 34
29 35
29 36
29 38
29 40
29 44
29 46
29 48
30 31
30 33
30 34
30 35
30 36
30 37
30 39
30 40
30 41
30 47
30 49
31 32
31 33
31 34
31 37
31 41
31 47
32 34
32 35
32 37
32 38
32 44
32 46
32 47
32 48
32 49
33 34
33 37
33 40
33 41
33 42
33 45
33 47
33 48
34 40
34 41
34 43
34 45
34 48
35 36
35 37
35 41
35 44
35 49
36 42
36 45
36 47
37 41
37 42
37 43
37 46
37 48
38 40
38 43
38 47
39 40
39 42
39 43
39 46
40 41
40 45
40 46
41 44
41 46
41 48
41 49
42 43
42 47
43 44
43 49
44 45
44 46
44 48
45 49
46 47
47 48
