50 438
0 1
0 8
0 11
0 14
0 20
0 23
0 30
0 33
0 34
0 36
0 37
0 40
0 41
0 42
1 3
1 7
1 10
1 15
1 17
1 19
1 22
1 30
1 35
1 36
1 39
1 44
1 49
2 3
2 4
2 8
2 9
2 13
2 17
2 18
2 20
2 22
2 24
2 30
2 33
2 36
2 43
2 45
2 47
3 4
3 5
3 6
3 9
3 10
3 11
3 12
3 17
3 18
3 20
3 22
3 25
3 26
3 29
3 36
3 37
3 41
3 42
3 45
3 46
4 8
4 11
4 14
4 15
4 16
4 20
4 26
4 28
4 30
4 31
4 32
4 34
4 35
4 39
4 44
4 45
4 46
4 47
4 48
5 6
5 11
5 18
5 19
5 20
5 23
5 27
5 28
5 29
5 31
5 32
5 35
5 37
5 39
5 40
5 42
5 45
5 46
6 8
6 10
6 12
6 15
6 20
6 21
6 24
6 25
6 28
6 29
6 32
6 33
6 35
6 36
6 48
6 49
7 8
7 9
7 12
7 13
7 17
7 22
7 32
7 36
7 39
7 40
7 44
7 45
7 48
7 49
8 10
8 15
8 21
8 22
8 25
8 27
8 28
8 30
8 31
8 34
8 35
8 37
8 39
8 41
8 47
9 10
9 11
9 12
9 22
9 24
9 26
9 30
9 31
9 33
9 35
9 38
9 39
9 42
9 44
9 48
10 12
10 14
10 15
10 16
10 17
10 18
10 20
10 21
10 28
10 31
10 33
10 36
10 41
10 47
11 12
11 19
11 21
11 22
11 25
11 26
11 29
11 30
11 32
11 35
11 36
11 41
11 48
11 49
12 14
12 16
12 28
12 29
12 30
12 34
12 35
12 36
12 38
12 40
12 41
12 42
12 45
12 47
12 48
13 20
13 25
13 26
13 27
13 28
13 32
13 33
13 35
13 44
13 45
13 47
14 15
14 18
14 19
14 21
14 26
14 28
14 29
14 30
14 32
14 33
14 34
14 36
14 38
14 40
14 42
14 45
14 47
15 16
15 20
15 22
15 24
15 26
15 27
15 29
15 32
15 33
15 35
15 36
15 38
15 39
15 47
15 49
16 21
16 25
16 27
16 29
16 33
16 34
16 40
16 41
16 45
16 47
16 49
17 18
17 20
17 25
17 27
17 28
17 29
17 32
17 38
17 39
17 41
17 42
17 45
17 46
17 47
17 49
18 22
18 23
18 27
18 31
18 40
18 41
18 43
18 45
19 22
19 24
19 26
19 27
19 28
19 29
19 34
19 36
19 41
19 46
19 49
20 23
20 24
20 29
20 31
20 36
20 37
20 41
20 47
21 24
21 27
21 28
21 31
21 35
21 36
21 37
21 40
21 43
21 44
21 48
21 49
22 35
22 37
22 40
22 41
22 45
23 26
23 28
23 29
23 31
23 33
23 35
23 37
23 42
23 47
24 26
24 31
24 33
24 36
24 39
24 41
24 46
25 26
25 27
25 28
25 30
25 31
25 32
25 35
25 36
25 40
25 43
25 44
25 45
25 46
25 47
25 49
26 30
26 45
26 47
26 48
26 49
27 28
27 34
27 40
27 42
27 44
27 47
27 49
28 34
28 37
28 39
28 41
28 46
28 47
28 49
29 32
29 35
29 37
29 38
29 43
29 46
30 31
30 33
30 37
30 43
30 45
31 32
31 34
31 35
31 40
31 42
31 45
31 48
31 49
32 34
32 37
32 39
32 40
32 41
32 42
32 45
32 48
32 49
33 43
33 44
34 35
34 40
34 45
34 48
35 37
35 40
35 44
35 48
35 49
36 38
36 39
36 42
36 43
36 47
36 48
36 49
37 43
37 46
37 47
38 39
38 40
38 43
38 45
38 47
39 44
39 45
39 48
40 41
40 43
40 46
41 46
41 49
42 43
42 44
42 46
43 46
43 48
43 49
44 48
45 46
45 49
48 49
