50 458
0 4
0 11
0 12
0 16
0 18
0 19
0 20
0 21
0 22
0 23
0 24
0 26
0 30
0 32
0 37
0 39
0 41
0 42
0 43
0 48
0 49
1 2
1 8
1 9
1 10
1 14
1 21
1 27
1 30
1 31
1 41
1 43
1 45
2 3
2 10
2 11
2 13
2 20
2 23
2 24
2 26
2 29
2 35
2 38
2 39
2 44
2 48
3 5
3 7
3 13
3 14
3 21
3 23
3 24
3 28
3 29
3 30
3 31
3 34
3 41
3 42
3 47
4 7
4 10
4 12
4 13
4 15
4 20
4 23
4 25
4 29
4 34
4 38
4 40
4 43
4 44
4 49
5 7
5 9
5 11
5 12
5 14
5 18
5 22
5 25
5 26
5 32
5 36
5 39
5 41
5 42
5 43
5 48
6 7
6 9
6 14
6 17
6 18
6 21
6 23
6 28
6 30
6 36
6 37
6 38
6 42
6 43
6 44
6 46
7 9
7 10
7 11
7 12
7 15
7 17
7 21
7 22
7 25
7 26
7 27
7 31
7 32
7 33
7 36
7 37
7 38
7 40
7 41
7 47
7 48
8 9
8 11
8 12
8 19
8 21
8 26
8 27
8 30
8 31
8 49
9 11
9 12
9 15
9 16
9 18
9 21
9 23
9 24
9 25
9 26
9 28
9 33
9 35
9 38
9 42
9 43
9 44
9 45
10 12
10 18
10 19
10 22
10 23
10 24
10 25
10 26
10 27
10 29
10 31
10 34
10 37
10 40
10 41
10 42
10 48
11 13
11 16
11 18
11 20
11 22
11 27
11 28
11 29
11 31
11 33
11 34
11 37
11 41
11 43
11 45
11 46
11 47
12 13
12 14
12 15
12 19
12 21
12 26
12 27
12 28
12 29
12 30
12 34
12 35
12 36
12 39
13 14
13 16
13 18
13 22
13 24
13 26
13 30
13 34
13 38
13 41
13 42
13 43
13 45
13 46
14 15
14 18
14 25
14 27
14 30
14 36
14 39
14 41
14 43
14 45
14 46
14 49
15 24
15 25
15 29
15 31
15 35
15 36
15 42
15 43
15 45
15 47
15 48
16 17
16 18
16 20
16 21
16 26
16 31
16 33
16 36
16 37
16 41
16 42
16 43
16 44
16 46
16 48
17 18
17 21
17 26
17 27
17 28
17 29
17 30
17 32
17 35
17 36
17 39
17 40
17 43
17 44
17 46
17 47
18 19
18 23
18 25
18 27
18 28
18 30
18 31
18 33
18 37
18 39
18 43
18 44
18 47
19 24
19 27
19 30
19 32
19 35
19 36
19 37
19 39
19 43
20 23
20 24
20 30
20 34
20 35
20 38
20 40
20 44
20 46
20 47
21 28
21 32
21 33
21 34
21 42
21 43
21 45
21 46
21 48
22 25
22 28
22 30
22 31
22 38
22 39
22 42
22 45
22 47
23 24
23 25
23 26
23 27
23 34
23 35
23 36
23 37
23 38
23 46
23 49
24 25
24 26
24 28
24 31
24 36
24 40
24 44
25 30
25 31
25 34
25 37
25 38
25 42
25 44
25 45
26 28
26 29
26 33
26 36
26 38
26 43
26 45
26 47
26 48
27 32
27 34
27 35
27 42
27 43
27 47
28 29
28 31
28 33
28 34
28 38
28 39
28 41
28 42
28 44
28 48
28 49
29 32
29 34
29 36
29 38
29 39
29 45
30 31
30 35
30 36
30 37
30 40
30 43
30 47
30 49
31 32
31 34
31 41
31 42
31 43
31 44
31 48
32 33
32 34
32 36
32 40
32 46
32 47
32 48
33 34
33 38
33 39
33 40
33 42
33 43
33 44
33 46
33 48
33 49
34 35
34 37
34 40
34 44
34 47
34 49
35 36
35 37
35 38
35 40
35 42
35 45
35 46
35 47
35 48
36 38
36 40
36 41
36 43
37 39
37 40
37 41
37 43
37 44
37 48
38 42
38 44
39 41
39 43
40 45
40 46
40 48
41 43
41 47
42 45
42 48
43 45
43 47
43 48
43 49
45 46
46 48
46 49
48 49
