50 448
0 1
0 2
0 10
0 13
0 15
0 17
0 20
0 21
0 26
0 27
0 30
0 32
0 35
0 37
0 39
0 41
0 42
0 46
1 2
1 3
1 4
1 5
1 10
1 13
1 16
1 18
1 24
1 27
1 29
1 31
1 37
1 40
1 47
2 3
2 7
2 12
2 14
2 15
2 16
2 17
2 18
2 19
2 20
2 21
2 22
2 23
2 24
2 25
2 27
2 30
2 35
2 36
2 37
2 38
2 45
2 49
3 17
3 18
3 28
3 30
3 36
3 37
3 38
3 42
3 44
3 47
3 48
4 5
4 6
4 14
4 17
4 18
4 19
4 26
4 27
4 31
4 32
4 38
4 39
4 45
4 46
5 7
5 9
5 11
5 15
5 18
5 19
5 24
5 26
5 27
5 28
5 35
5 36
5 39
5 44
6 7
6 9
6 11
6 16
6 17
6 18
6 19
6 21
6 22
6 24
6 30
6 31
6 35
6 37
6 40
6 47
7 9
7 13
7 14
7 16
7 17
7 20
7 28
7 29
7 31
7 32
7 35
7 36
7 37
7 39
7 42
7 43
7 45
7 48
7 49
8 12
8 17
8 19
8 20
8 24
8 25
8 26
8 29
8 33
8 39
8 41
8 44
8 46
8 47
8 49
9 13
9 16
9 17
9 18
9 19
9 25
9 28
9 30
9 34
9 38
9 40
9 46
10 12
10 13
10 18
10 21
10 24
10 27
10 29
10 32
10 33
10 36
10 39
10 43
10 48
10 49
11 14
11 15
11 22
11 25
11 26
11 30
11 33
11 35
11 36
11 37
11 47
11 48
11 49
12 13
12 16
12 22
12 24
12 26
12 28
12 29
12 35
12 36
12 37
12 40
12 44
12 47
12 49
13 14
13 16
13 24
13 27
13 31
13 33
13 35
13 38
13 41
13 42
13 49
14 17
14 19
14 20
14 21
14 24
14 25
14 27
14 30
14 34
14 41
14 42
14 43
14 46
14 48
15 16
15 21
15 22
15 26
15 30
15 34
15 35
15 36
15 37
15 40
15 41
15 43
15 49
16 20
16 22
16 25
16 27
16 29
16 32
16 33
16 35
16 36
16 38
16 39
16 41
16 46
16 47
17 19
17 20
17 21
17 23
17 25
17 26
17 28
17 31
17 32
17 33
17 36
17 38
17 41
17 43
17 46
18 19
18 23
18 25
18 29
18 30
18 31
18 35
18 36
18 38
18 42
18 44
18 46
18 49
19 20
19 21
19 25
19 28
19 29
19 33
19 40
19 41
19 43
19 44
20 23
20 24
20 25
20 29
20 30
20 32
20 33
20 34
20 35
20 36
20 38
20 43
20 46
20 49
21 22
21 23
21 25
21 27
21 29
21 31
21 33
21 35
21 36
21 43
21 45
21 47
21 49
22 25
22 26
22 27
22 30
22 33
22 34
22 36
22 39
22 49
23 34
23 35
23 36
23 38
23 40
23 45
23 46
23 47
23 48
24 25
24 26
24 28
24 32
24 34
24 36
24 38
24 39
24 42
24 46
24 49
25 27
25 32
25 33
25 35
25 36
25 44
25 47
25 48
25 49
26 28
26 32
26 34
26 35
26 36
26 39
26 43
26 45
26 49
27 28
27 29
27 34
27 39
27 40
27 41
27 45
27 47
28 30
28 32
28 35
28 37
28 39
28 41
28 42
28 43
28 45
29 30
29 33
29 35
29 39
29 43
29 44
30 32
30 33
30 34
30 37
30 38
30 41
30 44
30 46
30 49
31 32
31 34
31 36
31 38
31 41
31 43
31 45
31 46
31 48
32 33
32 36
32 45
32 47
32 48
33 38
33 39
33 40
33 42
33 47
34 40
34 41
34 42
34 43
34 46
34 47
35 38
35 39
35 40
35 42
35 44
35 45
36 43
36 49
37 41
38 41
38 43
39 40
39 48
40 45
40 47
40 49
41 42
41 46
41 49
42 44
42 46
42 47
42 49
43 44
44 46
46 47
46 49
47 48
47 49
